100|101|2|256|1|3|016703|1|1529372858396
100|101|2|256|1|3|016703|1|1529372859358
100|101|2|256|1|3|016603|1|1529372860305
100|101|2|256|1|3|015d03|1|1529372861325
100|101|2|256|1|3|015d03|1|1529372862426
100|101|2|256|1|3|043603|1|1529372863245
100|101|2|256|1|3|065a03|1|1529372864679
100|101|2|256|1|3|05dc03|1|1529372865294
100|101|2|256|1|3|058303|1|1529372866318
100|101|2|256|1|3|054f03|1|1529372867268
100|101|2|256|1|3|053a03|1|1529372868266
100|101|2|256|1|3|052903|1|1529372869287
100|101|2|256|1|3|037803|1|1529372870738
100|101|2|256|1|3|016303|1|1529372871339
100|101|2|256|1|3|016703|1|1529372872401
100|101|2|256|1|3|016c03|1|1529373212741
100|101|2|256|1|3|016203|1|1529373213993
100|101|2|256|1|3|015203|1|1529373214613
100|101|2|256|1|3|00be03|1|1529373215634
100|101|2|256|1|3|000303|1|1529373216670
100|101|2|256|1|3|000503|1|1529373218095
100|101|2|256|1|3|000503|1|1529373218707
100|101|2|256|1|3|000503|1|1529373219634
100|101|2|256|1|3|000503|1|1529373220724
100|101|2|256|1|3|000303|1|1529373221570
100|101|2|256|1|3|000103|1|1529373222609
100|101|2|256|1|3|000103|1|1529373223627
100|101|2|256|1|3|000203|1|1529373224597
100|101|2|256|1|3|000203|1|1529373225676
100|101|2|256|1|3|017803|1|1529373226836
100|101|2|256|1|3|017c03|1|1529373227629
100|101|2|256|1|3|017d03|1|1529373228652
100|101|2|256|1|3|017903|1|1529373299815
100|101|2|256|1|3|017903|1|1529373300630
100|101|2|256|1|3|017903|1|1529373301653
100|101|2|256|1|3|017303|1|1529373302707
100|101|2|256|1|3|016303|1|1529373303603
100|101|2|256|1|3|014c03|1|1529373304730
100|101|2|256|1|3|052703|1|1529373305647
100|101|2|256|1|3|058203|1|1529373306774
100|101|2|256|1|3|04de03|1|1529373307724
100|101|2|256|1|3|04b103|1|1529373308617
100|101|2|256|1|3|048c03|1|1529373309643
100|101|2|256|1|3|048003|1|1529373310682
100|101|2|256|1|3|04ad03|1|1529373311848
100|101|2|256|1|3|047403|1|1529373312814
100|101|2|256|1|3|048003|1|1529373313635
100|101|2|256|1|3|048a03|1|1529373314663
100|101|2|256|1|3|014c03|1|1529373315920
100|101|2|256|1|3|017303|1|1529373316822
100|101|2|256|1|3|017803|1|1529373318142
100|101|2|256|1|3|017803|1|1529373318651
100|101|2|16|1|3|5d606f7802|1|1516323596029
100|101|2|16|1|3|5d606f7802|1|1516323597007
100|101|2|1280|1|3|025201|1|1516530712958
100|101|2|1280|1|3|025201|1|1516530713984